-4.792374806243023672e-02
-6.450164979530007558e-01
2.809860164696683094e-01
2.057691132260006217e+00
-1.288100984890309775e+00
2.211112782168793700e+00
-1.183196713166119185e+00
1.458324255095577948e+00
-4.160031583994494020e-01
1.022835062554801500e+00
-2.434150780845964590e+00
9.094706828245580077e-02
1.120461481328204112e+00
1.668967414528494508e+00
-9.435036715651198280e-01
8.500773640716268176e-01
3.700300906581903693e-01
9.406124546580495460e-01
8.595449870674481962e-01
1.866274320153425148e-01
6.303325959192607186e-01
-1.172290709402882714e+00
1.633252104047387743e+00
6.480187043302654271e-01
-3.109984471052635313e-01
5.275270706706821633e-01
-2.829988177764659052e-01
-1.244562593152759078e+00
-6.703555685076188764e-02
-4.661475849540905325e-01
4.600613318885372616e-01
8.601313117903478522e-01
1.495692584636515887e+00
9.984326603089594965e-01
8.683167432633314142e-01
-2.098572393355329080e+00
-1.429622427485012004e+00
4.520576603665625859e-01
-9.247379251705936110e-01
-6.985122120124637179e-01
-5.520685238633223912e-01
7.874285532308525348e-02
9.395774135065569910e-01
1.132164923415240665e+00
2.993243057237278681e-01
-5.352016434405780787e-01
-7.271034735194891185e-01
5.093105700478818554e-02
9.074146031797232226e-01
-1.171099667117697418e+00
-2.551891741991508811e-01
1.060523475632416890e+00
-3.942357740699311552e-01
1.273933854613855443e+00
-1.620247673285890144e+00
-6.535425915582637746e-01
1.368516477625564554e-01
-2.843311504397044720e-01
6.737914010785649443e-01
-7.788227338123578092e-02
-7.520107862394023179e-01
-1.256051305832661669e+00
4.620130942209955960e-02
-2.461569762668652447e-03
9.138285779570620715e-01
-1.604425552842485114e+00
-4.300244804531752063e-01
1.711751705557671421e+00
4.379160543704576081e-01
7.467489814676250837e-02
1.951343195979459599e+00
-2.654001847100187494e-01
1.070458139454577795e+00
-5.870935522736848711e-01
-6.383682976352870186e-01
-1.009303275430138314e+00
-7.502753363175648227e-01
3.517808674446591399e-01
3.392123278548990761e-01
-1.724333102158042808e+00
-1.952808458831267052e-02
-4.192918832452465216e-01
-5.039092974862241503e-01
4.748418891785576301e-01
-6.314286788038452336e-01
-2.463669009318142089e-01
-9.124512635703386776e-01
6.082133645548999379e-01
1.076810966713438178e-01
-4.863240588593614744e-01
7.546160364356977457e-01
-5.646495564056125405e-01
-1.941942070249454699e-01
7.897772364752085883e-01
4.261793942288997217e-01
1.897668952941308496e-01
8.975041787724340470e-01
2.664537128799283061e-01
4.016306189649810898e-01
-4.854368543340001341e-01
-1.901606319438007009e-01
-3.713158588734901677e-01
-1.266678441016006795e+00
8.818197044904740878e-01
-2.460569316871581425e+00
7.858397627131421537e-01
9.746492510945632404e-01
-3.881685985921820570e-02
-1.276359134767853565e+00
1.141978576559774528e+00
1.063200109097526713e+00
2.794525729561656013e-01
-2.247417106219928851e+00
-9.891958218078996667e-01
1.151874236018110897e+00
7.230086727461800811e-01
-1.156076151911468841e+00
9.238297538044901724e-01
-8.691787470153576889e-01
5.211067789525316574e-01
-2.833935909603905734e-01
3.236833545450129024e-01
-1.825525182715339589e-01
-7.673018924397836948e-02
8.051197677950471254e-01
-3.393870191407050707e-01
1.510226977904647994e+00
5.054426429014171607e-01
4.437984414048272153e-01
4.735037683136816278e-01
1.355118718658265387e+00
-1.331537449579138110e+00
-1.181630433211509512e+00
-1.912007140784194037e-01
4.847912354252172928e-01
-1.455700260906477306e+00
1.327375545575398164e+00
2.422597878497442458e+00
-1.463496667405101537e+00
9.201007836468972911e-01
1.834031002713484959e+00
-1.213493505250386795e+00
-2.765115071717094142e-01
-2.241745048557267417e+00
6.668589720671074250e-01
-1.189190023352656000e+00
9.976669763234147226e-01
3.106398787310857279e-01
-1.357269047118873084e+00
-3.053639013305953220e-01
8.580690351232308499e-01
-4.504456345613782609e-01
1.305979404694145973e+00
3.320245017169975443e-01
7.996798646167466718e-01
2.761381565673028948e-01
-3.092579957287449471e-02
-5.064078575529897819e-01
-2.903022742625500641e-01
-2.344921650607625918e-01
3.117773589573464843e-01
2.845944225769144187e-01
-1.042178664118674991e+00
-1.147232546964501498e+00
7.856267709679283229e-01
1.494722930254302806e+00
2.797101318985542942e-02
-3.064964888131211929e-01
-3.652416598628973055e-01
1.257368759485579801e+00
6.365782146637213312e-01
2.781868808433979323e-01
-5.435880540153876783e-01
-1.651412949136484398e+00
-1.261356844610119987e+00
2.309504896273005814e-01
2.302586931289846151e-01
-3.732004605108000389e-02
7.798943133800890770e-01
1.279148595171409886e+00
4.603279559190968928e-02
1.350882362996441710e+00
-8.562878049943193348e-01
2.056717601096116343e+00
-4.942369679916039371e-01
-1.620339002956497632e-01
-9.143088829955088315e-01
5.950774040564661416e-01
-6.139319101738515139e-01
2.810384136321484871e-01
2.019921151388087144e-01
6.011500050678079132e-01
6.800595667818891688e-01
-8.650385289015805057e-02
-1.259685402075728211e+00
1.432673453768092964e+00
2.034985873327217476e+00
-9.105177266355582444e-02
-4.952539444531416368e-01
1.815441595290895049e-01
7.777024358031905393e-01
1.036887848226365066e-01
-8.657352148423179683e-01
-9.426605834132774087e-01
-7.514069483727492393e-01
-5.976480702436998138e-01
5.963807881501802521e-01
1.213396721252316679e+00
-7.130722488959377880e-01
-4.043808106464125696e-01
8.407548046532211661e-01
1.046062337296283618e+00
-4.397650932556047484e-03
4.070136911802896829e-01
8.877074916036077623e-02
8.405831328649404632e-01
-5.213826403788438535e-01
1.568064788069138960e-01
-1.478249626879112322e+00
1.466176374030797369e+00
-1.591982035080249380e-01
1.142862928819487145e+00
2.592512176564171877e+00
-1.232176205643435329e+00
2.984850994783491140e-01
-2.941266539060639618e-01
7.745621723225769584e-01
-6.436142970714635592e-01
9.909941256692615941e-01
4.361969963112161675e-01
1.404650564710498983e+00
-7.266419002662710680e-01
2.359569027829080679e-01
1.737326454466652681e+00
-4.474549510041528344e-01
-6.450032462227163477e-02
6.259484462302202790e-01
-1.661150872375172782e-01
9.690549016363242396e-01
-2.216814587582204010e-01
4.929040711679106290e-01
1.022050993607940494e+00
-6.191841133362734340e-01
3.392684915985685334e-01
-4.309290987205634527e-01
6.457278807133609577e-01
3.030672032447351283e-01
7.990873734044354748e-01
-1.102433707324817602e+00
-1.089812633144182863e+00
-1.140765466304838466e-01
-5.484336693635861737e-01
-3.660798099790574245e-01
1.528120693161297616e+00
-1.478118212117588870e+00
1.299575443182124368e-01
-4.815760507885916142e-02
3.891309880009856670e-01
-2.350662961016773078e+00
-3.058296669392649436e-01
8.040507029617021129e-01
-4.010086526879064750e-01
-1.687740062515488138e-01
-4.690535600528504268e-01
1.788170367608805655e-01
-5.611328600508874720e-01
1.719894497328323002e+00
8.039630345584930504e-01
1.037910890580271639e+00
8.124408371832426701e-01
-4.067587626676696377e-01
8.475648596679359326e-01
8.353142705453072692e-01
1.192622749801659943e+00
-1.503001098231034893e-01
1.274427757881219092e-01
3.279637786345342976e-01
2.155094432379210390e-01
3.915350144632575441e-02
1.272536441626048731e+00
2.347043377016077237e+00
-3.076897899890165822e-01
6.766369828478814297e-01
-5.415634234956040460e-02
1.525289497049217291e-01
2.881615167510045983e-02
-2.649765781068580406e-02
3.381896832471464331e-01
1.557736308815455439e+00
2.140995367381673953e-01
-6.057752872362716090e-01
-4.114644519649333088e-01
-1.048171593296083559e+00
1.758368264277704318e+00
-7.853506033925161667e-01
2.648061047219901987e+00
-8.035785766068607172e-01
5.385117511074589969e-02
-4.083137098159517753e-01
-8.603798412305882493e-02
5.393196711572981750e-01
-8.360467384200822583e-01
-1.953901434700497930e-01
-4.697971855474822878e-01
-2.983442704495922748e-01
1.225114949359605854e+00
2.546785179471357519e-01
1.363850580106732435e-01
-5.445401104931092418e-01
2.687516293179942894e-01
-1.418576103489842977e+00
-1.123333727343672345e-01
-1.321268158531769821e+00
1.170281976363172882e+00
-2.372622778081705519e+00
-4.547218046590513207e-01
-1.623652920941949906e+00
1.002366737070027103e+00
-1.751933827127244658e+00
9.937004273203297045e-01
2.087886263585271851e-01
-1.309071729799534400e-01
4.855305588915027615e-01
-8.702735715837363051e-01
-3.684771786267315163e-01
-1.519092068787186056e+00
3.398172487111748574e-01
-1.325115340420646437e-01
-3.415687052259703260e-01
1.165261445457081768e+00
-1.898627595029896087e+00
-2.432714076282082791e-02
-4.315112150139079894e-01
6.819046211720336537e-01
7.564798047675701520e-01
-1.957411698954258705e+00
1.599861455452865844e+00
7.889848118558948631e-01
2.956061559602338185e-01
-6.982545679747959033e-01
-8.316590106971922802e-01
2.372645226745740965e-01
7.993970505249468061e-01
1.602345610299331868e+00
1.999436571577040134e+00
-2.483846216856244460e-01
-1.561478408909309232e-03
-7.674470936925021913e-01
7.186507002827942081e-01
-1.239355937816717379e+00
-3.918966664418607193e-01
2.829438584109432719e-01
-1.184495889090413812e+00
8.261154821227624234e-01
2.051540744321996179e+00
-2.198646782558903556e+00
1.166760913978910075e-01
-2.590047322890279280e-01
3.921506607505089725e-01
-2.782752551128076651e-02
1.732502206460652394e-01
3.149217045192852504e-01
-1.734209727621603969e+00
4.804098809248315005e-01
-1.083102933839504622e+00
-1.220488058983005386e+00
7.333089952944072953e-01
-1.080683828480053288e+00
4.709656195134362400e-01
4.547718651543762869e-01
1.023408482688252130e+00
-1.480417548395397187e+00
6.182807027689749546e-01
-7.854567994116583574e-01
6.263035209172880258e-01
-4.529233319621460141e-01
1.174636148156286808e+00
9.461724403565809904e-01
-1.248312771905138785e+00
7.395451123828585827e-01
-1.865553346062999440e-01
5.462160502890112124e-01
1.627953442671215223e+00
3.097157072257454569e-02
1.106919344381593229e+00
-1.515596771187736613e-01
-5.507437532785603995e-01
-2.649751291341460036e-01
-3.530171952193966733e-01
-1.794563388493916944e+00
-6.875447110499149916e-01
8.045453769128279031e-01
4.590337609844862832e-01
-5.768984815821492917e-01
2.721320952686799854e-01
-5.205270797594848675e-01
2.056628183213714323e+00
1.419253177448074554e+00
-1.411111879922848367e+00
1.213513711773296505e-01
6.247782207231008522e-01
-9.301895805458807454e-01
3.352783481116214381e-02
-1.480874342258182041e+00
5.022707086562594458e-01
-4.058949527714248995e-01
5.232393312658598639e-01
-4.758079614132998403e-01
6.538470680417182157e-01
-7.318976890812132208e-01
5.450532336552359469e-01
1.035299443217577053e+00
1.328913281659017898e+00
-4.933073379467678432e-01
4.472719294933314438e-01
-1.057447698547873793e+00
7.214389385088361140e-01
-6.758649159177381183e-01
1.005702296900969905e+00
1.776975918952486688e-01
1.154927016066552126e+00
-6.634960015969124658e-01
-5.954492705142517828e-01
-6.992657843913854254e-01
-2.869389733305023338e-01
-2.558432586290521060e-01
1.617397664889561396e-02
1.778226601018915387e+00
1.900135989327836894e+00
1.510256749399283116e+00
-1.140591055015740096e+00
-7.249346008953766463e-01
-7.501458507324432201e-01
-8.824095615185635622e-02
-7.663536513108889503e-01
-8.311337591433661798e-01
-1.483934702143969053e+00
1.152744595164148178e+00
-6.639368052414417187e-01
1.067568654517231236e-01
1.711687904279257877e+00
1.492067801278954553e-01
-1.050942763575341443e+00
-5.087861448109352175e-02
-3.391833628224489305e-01
1.991196819197273149e-01
5.313625116254948599e-01
2.056804609389642380e+00
2.014921937897947490e+00
5.991703291271555099e-01
2.444537463713962119e-02
1.508985801304340457e+00
3.144291692196032328e-01
-2.281003767336285737e+00
-3.900630813245512529e-01
5.679689062095639729e-01
-1.480382028175860842e+00
3.081285213211038543e-01
-7.402174197420895441e-01
-8.776504256480548438e-01
3.205299347053442993e-01
-2.983052439846656245e-01
-2.458567160405583429e+00
-9.904778737105067732e-01
-3.816615892368656060e-01
5.542736308337304907e-01
5.048789655244394492e-01
-2.151303576079715452e+00
1.536284225633270717e+00
6.508164982279313060e-01
4.453507749539481475e-01
3.047756519621899196e-01
1.281164858217934910e+00
-1.965516974459927679e-01
1.446113637153272347e+00
-4.352733213316931637e-01
-9.288972940852888716e-01
1.362763973717416421e+00
-2.167519730610865947e-01
1.026580077400579993e+00
-8.471022487897199582e-01
-3.559752437701630967e-01
1.746639145216128536e-02
-7.497883857803299135e-01
-1.880956481727955598e-01
1.452816872446454299e+00
-2.338579017289614814e+00
7.920532534922239964e-01
1.820101525350319660e+00
-1.484718692691379349e+00
-1.080800541924545888e+00
3.898678618587368971e-01
9.163872560941674905e-01
1.181280844728991308e+00
-3.002249076267612948e-01
-5.444027032230664975e-01
-1.624427671840137088e-01
-1.109219647178360857e+00
2.376118840334953131e+00
-6.551599359690897240e-01
