-7.800000000000000000e+01
-1.000000000000000000e+02
-8.900000000000000000e+01
-2.300000000000000000e+01
-5.600000000000000000e+01
-8.900000000000000000e+01
-8.900000000000000000e+01
-8.900000000000000000e+01
-5.600000000000000000e+01
-6.700000000000000000e+01
-8.900000000000000000e+01
-8.900000000000000000e+01
-7.800000000000000000e+01
-4.500000000000000000e+01
-6.700000000000000000e+01
-8.900000000000000000e+01
-7.800000000000000000e+01
-7.800000000000000000e+01
-7.800000000000000000e+01
-7.800000000000000000e+01
-4.500000000000000000e+01
-2.300000000000000000e+01
-4.500000000000000000e+01
-6.700000000000000000e+01
