-1.240919892958289307e+12 -1.241072815601215576e+12 -1.240987153674927490e+12 -1.241362322392399902e+12
-6.571913795956074219e+11 -6.572723674524594727e+11 -6.572270008826655273e+11 -6.574256902957111816e+11
-4.920451956215189209e+11 -4.921058319708023071e+11 -4.920718656049060059e+11 -4.922206261855411987e+11
-1.124520521699681885e+12 -1.124659100064610840e+12 -1.124581473301784424e+12 -1.124921450865487793e+12
-1.257968654088971924e+12 -1.258123677706082031e+12 -1.258036838887266357e+12 -1.258417161975971924e+12
-1.132211628816461914e+12 -1.132351154982739746e+12 -1.132272997294615479e+12 -1.132615300119773682e+12
-1.484110784932284668e+12 -1.484293676789087646e+12 -1.484191227154324951e+12 -1.484639920050795898e+12
-2.230136030277724609e+11 -2.230410857283244324e+11 -2.230256908786562500e+11 -2.230931148343529968e+11
-8.057634288581690674e+11 -8.058627257380299072e+11 -8.058071030928607178e+11 -8.060507104618818359e+11
-4.104901869865434570e+11 -4.105407730432884521e+11 -4.105124365007188721e+11 -4.106365404630413818e+11
-4.128012792307042236e+11 -4.128521500908784180e+11 -4.128236540101389771e+11 -4.129484566898847656e+11
-1.492783402473985840e+12 -1.492967363085700928e+12 -1.492864314772431152e+12 -1.493315629670072266e+12
-1.735846105828170410e+12 -1.736060019856906738e+12 -1.735940192685194092e+12 -1.736464993004534180e+12
-6.543633809733798828e+11 -6.544440203272271729e+11 -6.543988489770312500e+11 -6.545966833974716797e+11
-1.762865244292048096e+12 -1.763082487977169189e+12 -1.762960795648046631e+12 -1.763493764694486328e+12
-6.165990741528713379e+11 -6.166750596854249268e+11 -6.166324952421337891e+11 -6.168189123395061035e+11
-1.039130100842662598e+12 -1.039258156264531250e+12 -1.039186424086516724e+12 -1.039500585469168701e+12
-7.277404122308054199e+11 -7.278300940761992188e+11 -7.277798574362532959e+11 -7.279998760205734863e+11
-1.391334767678294434e+12 -1.391506226439265381e+12 -1.391410181226102539e+12 -1.391830825043635498e+12
-1.231443185797817871e+12 -1.231594940594492432e+12 -1.231509932854881592e+12 -1.231882236468357178e+12
-2.728175203282308350e+11 -2.728511405302828064e+11 -2.728323076671441040e+11 -2.729147888960112915e+11
-1.328788475567132080e+12 -1.328952226544569092e+12 -1.328860498963459229e+12 -1.329262233088536133e+12
-1.335322469016554199e+12 -1.335487025200303223e+12 -1.335394846569839355e+12 -1.335798556125537842e+12
-1.524631578651404541e+12 -1.524819464020153320e+12 -1.524714217195456299e+12 -1.525175160787594238e+12
-1.540622546917050781e+12 -1.540812402903612549e+12 -1.540706052206880859e+12 -1.541171830367673584e+12
-1.167298531418100098e+12 -1.167442381458431152e+12 -1.167361801687592773e+12 -1.167714712373891357e+12
-6.725685969596424561e+11 -6.726514798018624268e+11 -6.726050517267534180e+11 -6.728083901530765381e+11
-1.374897144383996826e+12 -1.375066577484442627e+12 -1.374971666975595215e+12 -1.375387341187543701e+12
-8.705634465890267334e+11 -8.706707289874362793e+11 -8.706106331325882568e+11 -8.708738315661126709e+11
-6.345819480716500244e+11 -6.346601496947258301e+11 -6.346163438743039551e+11 -6.348081977549788818e+11
-1.683583937232439453e+12 -1.683791410821921631e+12 -1.683675191359519043e+12 -1.684184191198691895e+12
-4.809181310375531006e+11 -4.809773961617315063e+11 -4.809441979078900757e+11 -4.810895944317091064e+11
-1.786469780734302979e+12 -1.786689933284929688e+12 -1.786566611511173584e+12 -1.787106716943539062e+12
-1.121826451390938477e+12 -1.121964697755997314e+12 -1.121887256966981445e+12 -1.122226420031069092e+12
-1.871842023280905273e+12 -1.872072696534823486e+12 -1.871943481429880859e+12 -1.872509397549687988e+12
-5.067789005602999878e+11 -5.068413525912612305e+11 -5.068063691440296631e+11 -5.069595841822496338e+11
-2.059383292445085693e+12 -2.059637077025389648e+12 -2.059494915762725342e+12 -2.060117531446382324e+12
-1.227785592335434082e+12 -1.227936896394794922e+12 -1.227852141142225830e+12 -1.228223338952509766e+12
-8.235301119730726318e+11 -8.236315983007709961e+11 -8.235747492022835693e+11 -8.238237279950393066e+11
-6.821225085086066895e+11 -6.822065687100688477e+11 -6.821594811198677979e+11 -6.823657079903218994e+11
-8.329501211268796387e+11 -8.330527683106938477e+11 -8.329952689416102295e+11 -8.332470956950728760e+11
-9.535800342983825684e+11 -9.536975471033457031e+11 -9.536317205324227295e+11 -9.539200174635047607e+11
-1.040505237779513184e+12 -1.040633462666215454e+12 -1.040561635560418579e+12 -1.040876212688287354e+12
-1.101961099443149170e+12 -1.102096897735446777e+12 -1.102020828271950928e+12 -1.102353985420155029e+12
-1.007788487765522949e+12 -1.007912680856619995e+12 -1.007843112221601440e+12 -1.008147798058244385e+12
-1.039688106090285767e+12 -1.039816230277477417e+12 -1.039744459579793213e+12 -1.040058789664289673e+12
-1.317853698941708984e+12 -1.318016102389997803e+12 -1.317925129647010742e+12 -1.318323557848965332e+12
-8.527275042489213867e+11 -8.528325886654891357e+11 -8.527737240439891357e+11 -8.530315301151021729e+11
-9.450447876239100342e+11 -9.451612486041044922e+11 -9.450960112292651367e+11 -9.453817276892099609e+11
-1.377078682708545166e+12 -1.377248384646711670e+12 -1.377153323544940674e+12 -1.377569657303151855e+12
-3.897131355997186279e+11 -3.897611612315270996e+11 -3.897342589490574951e+11 -3.898520813626719971e+11
-1.098745562560793335e+12 -1.098880964590176514e+12 -1.098805117098371216e+12 -1.099137302090961182e+12
-1.196515663915958496e+12 -1.196663114480372314e+12 -1.196580517821220459e+12 -1.196942261757626221e+12
-1.097782315157180054e+12 -1.097917598484934448e+12 -1.097841817487590454e+12 -1.098173711257515991e+12
-9.809783846754846191e+11 -9.810992738695673828e+11 -9.810315559622357178e+11 -9.813281362703273926e+11
-1.596586808163018066e+12 -1.596783560809814941e+12 -1.596673346845039551e+12 -1.597156044744082764e+12
-5.051379452377198486e+11 -5.052001950505030518e+11 -5.051653248784334717e+11 -5.053180438051945801e+11
-6.571410567846263428e+11 -6.572220384400440674e+11 -6.571766753433669434e+11 -6.573753495433894043e+11
-2.087003084372834473e+12 -2.087260272632231201e+12 -2.087116204746618896e+12 -2.087747170754339844e+12
-3.256035547103502808e+11 -3.256436799069649658e+11 -3.256212031727076416e+11 -3.257196432634528198e+11
-4.812284521714265747e+11 -4.812877555346878662e+11 -4.812545358597304688e+11 -4.814000262042017822e+11
-2.671712701485965271e+11 -2.672041945432597351e+11 -2.671857514461105347e+11 -2.672665256399575500e+11
-1.062319147169922607e+12 -1.062450060254420044e+12 -1.062376727313462402e+12 -1.062697899466268188e+12
-1.334816921597443604e+12 -1.334981415479720459e+12 -1.334889271748940430e+12 -1.335292828460952637e+12
-7.293204825713171387e+11 -7.294103591359016113e+11 -7.293600134225148926e+11 -7.295805097095307617e+11
-6.351425487705468750e+11 -6.352208194773161621e+11 -6.351769749584163818e+11 -6.353689983268271484e+11
-2.725771840571952148e+12 -2.726107746406667969e+12 -2.725919583683315918e+12 -2.726743669373045410e+12
-1.055488554253925171e+12 -1.055618625582706299e+12 -1.055545764164942017e+12 -1.055864871215686646e+12
-1.750978334666853271e+12 -1.751194113489938965e+12 -1.751073241725249756e+12 -1.751602616989840332e+12
-7.251980217951632080e+11 -7.252873903337871094e+11 -7.252373291976931152e+11 -7.254565791381069336e+11
-4.496872141612186279e+11 -4.497426305972104492e+11 -4.497115882437009888e+11 -4.498475426895024414e+11
-1.645708268435251221e+12 -1.645911074482066650e+12 -1.645797469614010254e+12 -1.646295018459383301e+12
-1.606034564281471436e+12 -1.606232481206188477e+12 -1.606121615053241943e+12 -1.606607169303489746e+12
-1.036848986682304932e+12 -1.036976760995096802e+12 -1.036905186285507446e+12 -1.037218658013951172e+12
-6.157145593314803467e+11 -6.157904358618284912e+11 -6.157479324777297363e+11 -6.159340821585898438e+11
-5.861217507397897949e+11 -5.861939804515854492e+11 -5.861535198876605225e+11 -5.863307227422128906e+11
-7.444349878780703125e+11 -7.445267270517579346e+11 -7.444753379684726562e+11 -7.447004038431990967e+11
-6.821619077222322998e+11 -6.822459727795845947e+11 -6.821988824695427246e+11 -6.824051212503720703e+11
-5.730939978602919922e+11 -5.731646221196264648e+11 -5.731250608747006836e+11 -5.732983250335439453e+11
-1.519574227807479736e+12 -1.519761489940959473e+12 -1.519656592229852051e+12 -1.520116006828440430e+12
-6.366410527364348145e+11 -6.367195081086079102e+11 -6.366755601483085938e+11 -6.368680365588657227e+11
-8.031665289447725830e+11 -8.032655057987239990e+11 -8.032100624201329346e+11 -8.034528846669071045e+11
-4.057226821030106201e+11 -4.057726806451840210e+11 -4.057446732072244873e+11 -4.058673358056708374e+11
-1.595994232291309814e+12 -1.596190911912366699e+12 -1.596080738853616211e+12 -1.596563257599090820e+12
-2.027605704341188232e+12 -2.027855572865227051e+12 -2.027715605240440674e+12 -2.028328613570239014e+12
-1.572815904803163086e+12 -1.573009728083950684e+12 -1.572901155047928711e+12 -1.573376666262222168e+12
-8.901591100659420166e+11 -8.902688073018701172e+11 -8.902073587386488037e+11 -8.904764815517663574e+11
-5.844647183960364990e+11 -5.845367439080784912e+11 -5.844963977307698975e+11 -5.846730996108741455e+11
-6.531487760728765869e+11 -6.532292657476798096e+11 -6.531841782414653320e+11 -6.533816454515461426e+11
-8.270538022393173828e+11 -8.271557228007070312e+11 -8.270986304597507324e+11 -8.273486745732879639e+11
-4.981929077280935059e+11 -4.982543016808466187e+11 -4.982199109320907593e+11 -4.983705301581116943e+11
-5.459341379321630249e+11 -5.460014151930341797e+11 -5.459637288199519043e+11 -5.461287817061836548e+11
-1.278239595867364502e+12 -1.278397117540968750e+12 -1.278308879397382080e+12 -1.278695331023924072e+12
-6.280342168697198486e+11 -6.281116115933758545e+11 -6.280682577702491455e+11 -6.282581320673210449e+11
-1.421087486990739502e+12 -1.421262612278560791e+12 -1.421164513205936523e+12 -1.421594152195134033e+12
-1.518050506026935791e+12 -1.518237580387397461e+12 -1.518132787861029297e+12 -1.518591741790338379e+12
-8.836781108797773438e+11 -8.837870094427755127e+11 -8.837260082681906738e+11 -8.839931716747824707e+11
-1.112161911400004150e+12 -1.112298966772382812e+12 -1.112222193136929932e+12 -1.112558434307432861e+12
-1.229228606177661865e+12 -1.229380088064255615e+12 -1.229295233199320801e+12 -1.229666867276681641e+12
-1.864018832886413086e+12 -1.864248542062684570e+12 -1.864119867000240723e+12 -1.864683417926819092e+12
-1.784137103824474854e+12 -1.784356968912549072e+12 -1.784233808165073730e+12 -1.784773208357177002e+12
-1.251135179078528320e+12 -1.251289360585125977e+12 -1.251202993487356445e+12 -1.251581250603576904e+12
-6.857588439286591797e+11 -6.858433522465661621e+11 -6.857960136370310059e+11 -6.860033398847978516e+11
-7.838121313716766357e+11 -7.839087231208723145e+11 -7.838546157946717529e+11 -7.840915866037409668e+11
-4.374341117089603882e+11 -4.374880181545744019e+11 -4.374578216454072266e+11 -4.375900715960500488e+11
-1.297711643766421387e+12 -1.297871565044072998e+12 -1.297781982726056396e+12 -1.298174321358708008e+12
-5.875512398865340576e+11 -5.876236457604628906e+11 -5.875830865183514404e+11 -5.877607215489569092e+11
-1.180460339135896240e+12 -1.180605811147916504e+12 -1.180524322805286133e+12 -1.180881212716470947e+12
-1.849276104498063477e+12 -1.849503996878766602e+12 -1.849376339521719971e+12 -1.849935433262756836e+12
-1.046486931309703613e+12 -1.046615893337039062e+12 -1.046543653311035522e+12 -1.046860038890265015e+12
-8.852111010640270996e+11 -8.853201885410900879e+11 -8.852590815447789307e+11 -8.855267084193455811e+11
-7.588817669250450439e+11 -7.589752864223670654e+11 -7.589229000651761475e+11 -7.591523336483524170e+11
-1.406291636832750488e+12 -1.406464938780376221e+12 -1.406367861079205566e+12 -1.406793026822121582e+12
-8.611447855975510254e+11 -8.612509073042906494e+11 -8.611914616286948242e+11 -8.614518125076121826e+11
-9.399783464372154541e+11 -9.400941830633819580e+11 -9.400292954294310303e+11 -9.403134801471080322e+11
-4.071296310995673218e+11 -4.071798030234962769e+11 -4.071516984626607056e+11 -4.072747864259317627e+11
-1.148653712984913330e+12 -1.148795265362272705e+12 -1.148715972661441162e+12 -1.149063246439972900e+12
-1.425685966765271240e+12 -1.425861658738737061e+12 -1.425763242228039062e+12 -1.426194271481828125e+12
-1.174633653396952637e+12 -1.174778407368419189e+12 -1.174697321246363037e+12 -1.175052449570275879e+12
-3.277226221431516724e+11 -3.277630084805389404e+11 -3.277403854635307617e+11 -3.278394662160047607e+11
-1.054273262313296265e+12 -1.054403183878507202e+12 -1.054330406353343506e+12 -1.054649145982746460e+12
-8.600947469547430420e+11 -8.602007392625235596e+11 -8.601413660711118164e+11 -8.604013994910046387e+11
-8.610728153486514893e+11 -8.611789281851129150e+11 -8.611194874786156006e+11 -8.613798165974947510e+11
-5.251650129194995728e+11 -5.252297307338442383e+11 -5.251934780733958740e+11 -5.253522518070527344e+11
-3.362334445524159668e+12 -3.362748797064737793e+12 -3.362516691795301270e+12 -3.363533230178320801e+12
-2.004584883954363037e+12 -2.004831915547108643e+12 -2.004693537071773438e+12 -2.005299585491344482e+12
-5.457273639128742676e+11 -5.457946156915368042e+11 -5.457569435920097046e+11 -5.459219339654306641e+11
-8.153748229465999756e+11 -8.154753042703200684e+11 -8.154190181405399170e+11 -8.156655313341474609e+11
-8.137026768598106689e+11 -8.138029521197407227e+11 -8.137467814191262207e+11 -8.139927890722144775e+11
-6.246181494099736328e+11 -6.246951231601135254e+11 -6.246520051523389893e+11 -6.248408466646982422e+11
-7.672099132859465332e+11 -7.673044590890895996e+11 -7.672514978309780273e+11 -7.674834492723636475e+11
-1.025599340323577637e+12 -1.025725728306201538e+12 -1.025654930170621338e+12 -1.025965000780487671e+12
-3.751887605862829590e+11 -3.752349963318316040e+11 -3.752090966816062622e+11 -3.753225279233001099e+11
-3.884073465666309204e+11 -3.884552112813228149e+11 -3.884283991386936035e+11 -3.885458267728410034e+11
-7.162023069564798584e+11 -7.162905669249461670e+11 -7.162411267717159424e+11 -7.164576570265321045e+11
-1.297560011410913086e+12 -1.297719914002367432e+12 -1.297630342152221680e+12 -1.298022634941102539e+12
-5.930662571294952393e+11 -5.931393426369156494e+11 -5.930984026865351562e+11 -5.932777050805653076e+11
-9.864237483302971191e+11 -9.865453085749139404e+11 -9.864772147694448242e+11 -9.867754413790306396e+11
-8.844174354678240967e+11 -8.845264251399705811e+11 -8.844653729304986572e+11 -8.847327598552047119e+11
-1.289862635520856201e+12 -1.290021589540430420e+12 -1.289932549048168457e+12 -1.290322514678598633e+12
-1.040081635129562256e+12 -1.040209807813584106e+12 -1.040138009949875610e+12 -1.040452459009935059e+12
-1.128844303760828125e+12 -1.128983414959978271e+12 -1.128905489722092529e+12 -1.129246774499826660e+12
-3.653960953745090942e+11 -3.654411243376204224e+11 -3.654159006844487305e+11 -3.655263713000576172e+11
-3.014305682430177612e+11 -3.014677145234108276e+11 -3.014469064735775757e+11 -3.015380383194349976e+11
-6.477808917878814697e+11 -6.478607199605332031e+11 -6.478160030048171387e+11 -6.480118473354871826e+11
-1.198472313658754395e+12 -1.198620005347869873e+12 -1.198537273619682617e+12 -1.198899609111655518e+12
-7.340306133354725342e+11 -7.341210703438319092e+11 -7.340703994858813477e+11 -7.342923197921608887e+11
-8.497488891618156738e+11 -8.498536065151794434e+11 -8.497949475088786621e+11 -8.500518530543054199e+11
-1.211290669406361084e+12 -1.211439940744651123e+12 -1.211356324152205811e+12 -1.211722535032259766e+12
-6.273082659499500732e+11 -6.273855712129954834e+11 -6.273422675028310547e+11 -6.275319223225657959e+11
-1.391424023741486328e+12 -1.391595493502309814e+12 -1.391499442127625977e+12 -1.391920112929535889e+12
-2.426230303550568359e+12 -2.426529295895737793e+12 -2.426361810821014160e+12 -2.427095335777332520e+12
-1.221942639872878662e+12 -1.222093223886055176e+12 -1.222008871978415527e+12 -1.222378303280963867e+12
-1.176732706597269287e+12 -1.176877719240462158e+12 -1.176796488219424316e+12 -1.177152251151928223e+12
-9.695853859900019531e+11 -9.697048711880704346e+11 -9.696379397507557373e+11 -9.699310755995777588e+11
-6.742108159275151367e+11 -6.742939011445961914e+11 -6.742473597063398438e+11 -6.744511946259642334e+11
-5.518610957486948242e+11 -5.519291034073665771e+11 -5.518910078899531250e+11 -5.520578526818062744e+11
-8.876954112672064209e+11 -8.878048048960480957e+11 -8.877435264050748291e+11 -8.880119043621663818e+11
-1.058610686021541504e+12 -1.058741142101602539e+12 -1.058668065159393433e+12 -1.058988116127999512e+12
-1.503082346938373779e+12 -1.503267576724107666e+12 -1.503163817463575439e+12 -1.503618246053707275e+12
-9.273546028095693359e+11 -9.274688837697158203e+11 -9.274048675653481445e+11 -9.276852357327750244e+11
-1.052431805997156982e+12 -1.052561500632165894e+12 -1.052488850225426392e+12 -1.052807033125231689e+12
-3.618027499696172485e+11 -3.618473361130552979e+11 -3.618223605115663452e+11 -3.619317447469785156e+11
-1.500276717488665283e+12 -1.500461601526541992e+12 -1.500358035941397949e+12 -1.500811616302790527e+12
-1.543289708063175049e+12 -1.543479892734243896e+12 -1.543373357920408447e+12 -1.543839942446642822e+12
-8.846748568504323730e+11 -8.847838782440550537e+11 -8.847228082644686279e+11 -8.849902730163209229e+11
-5.345015443798169556e+11 -5.345674127654572754e+11 -5.345305155953267822e+11 -5.346921120531896362e+11
-1.104008854056996094e+12 -1.104144904701325439e+12 -1.104068693879854004e+12 -1.104402470126834473e+12
-6.887059153274803467e+11 -6.887907868245622559e+11 -6.887432447749410400e+11 -6.889514620139361572e+11
-1.659814613136690674e+12 -1.660019157555260254e+12 -1.659904578912694336e+12 -1.660406392543691650e+12
-6.577763902220417480e+11 -6.578574501702143555e+11 -6.578120432159346924e+11 -6.580109094988591309e+11
-6.653721884596933594e+11 -6.654541844650661621e+11 -6.654082531654217529e+11 -6.656094158929215088e+11
-1.337512315904304932e+12 -1.337677141948283447e+12 -1.337584812152670898e+12 -1.337989183765513672e+12
-8.236458577894010010e+11 -8.237473583798131104e+11 -8.236905012926165771e+11 -8.239395150772180176e+11
-1.440204393926555908e+12 -1.440381875054066406e+12 -1.440282456321350342e+12 -1.440717874948322510e+12
-1.133797717201031250e+12 -1.133937438826032471e+12 -1.133859171649435547e+12 -1.134201953997327637e+12
-9.366480962591342773e+11 -9.367635224870350342e+11 -9.366988647433559570e+11 -9.369820426239150391e+11
-1.028418971419725220e+12 -1.028545706874061523e+12 -1.028474714096714966e+12 -1.028785637168964233e+12
-1.660664032798053467e+12 -1.660868681892002441e+12 -1.660754044613528809e+12 -1.661256115051419678e+12
-3.604849612303859863e+11 -3.605293849797951050e+11 -3.605045003457080688e+11 -3.606134861736539307e+11
-8.318246708231331787e+11 -8.319271793142061768e+11 -8.318697576355834961e+11 -8.321212441308822021e+11
-5.615465803790388184e+11 -5.616157816119813232e+11 -5.615770174962299805e+11 -5.617467905118435059e+11
-1.427720952115422852e+12 -1.427896894867560303e+12 -1.427798337879665039e+12 -1.428229982372689453e+12
-1.251367634237159912e+12 -1.251521844390470703e+12 -1.251435461245589355e+12 -1.251813788640169189e+12
-1.015369786327784912e+12 -1.015494913689437500e+12 -1.015424821709297607e+12 -1.015731799607130371e+12
-1.486366762527833740e+12 -1.486549932396457764e+12 -1.486447327029695557e+12 -1.486896701977421143e+12
-6.201568288499769287e+11 -6.202332528181499023e+11 -6.201904427784011230e+11 -6.203779354960228271e+11
-1.217304309142100342e+12 -1.217454321559941406e+12 -1.217370289839829834e+12 -1.217738318830784912e+12
-1.601690209971714600e+12 -1.601887591529246094e+12 -1.601777025270235840e+12 -1.602261266086697998e+12
-3.444558710207001953e+11 -3.444983194512158203e+11 -3.444745413220206299e+11 -3.445786810555494385e+11
-5.214824789952821655e+11 -5.215467429981795654e+11 -5.215107445464641113e+11 -5.216684049365440674e+11
-8.250894970774190674e+11 -8.251911755713594971e+11 -8.251342188296315918e+11 -8.253836690695933838e+11
-2.690335420653805847e+11 -2.690666959539981689e+11 -2.690481243025328369e+11 -2.691294615187844543e+11
-4.018938281226495972e+11 -4.019433548240172119e+11 -4.019156116949641113e+11 -4.020371167112479248e+11
-6.655556507676940918e+11 -6.656376693811351318e+11 -6.655917254161428223e+11 -6.657929436118739014e+11
-1.213483301671977783e+12 -1.213632843212030518e+12 -1.213549075260336670e+12 -1.213915949043573975e+12
-3.801652358283411865e+11 -3.802120848410200195e+11 -3.801858416599953003e+11 -3.803007774454339600e+11
-1.428044429051468994e+12 -1.428220411667335449e+12 -1.428121832349069580e+12 -1.428553574639199219e+12
-7.137694420797530518e+11 -7.138574022374581299e+11 -7.138081300275617676e+11 -7.140239247518497314e+11
-1.826123067753376160e+11 -1.826348106903916016e+11 -1.826222047822571411e+11 -1.826774141684842224e+11
-9.210549890319116211e+11 -9.211684936702293701e+11 -9.211049123338547363e+11 -9.213833759327081299e+11
-3.678280797366264038e+11 -3.678734084017031860e+11 -3.678480168649746094e+11 -3.679592227470788574e+11
-1.497200763186736084e+12 -1.497385268166560547e+12 -1.497281914917757324e+12 -1.497734565320319092e+12
-1.051802246381452881e+12 -1.051931863433956055e+12 -1.051859256485178101e+12 -1.052177249050776611e+12
-7.970678896984022217e+11 -7.971661149996195068e+11 -7.971110926153177490e+11 -7.973520710524399414e+11
-6.750281752868063965e+11 -6.751113612301730957e+11 -6.750647633688283691e+11 -6.752688454015209961e+11
-8.919752322441492920e+11 -8.920851532877416992e+11 -8.920235793562928467e+11 -8.922932512386020508e+11
-5.313837811517114868e+11 -5.314492653244559326e+11 -5.314125833772423096e+11 -5.315732372373569336e+11
-3.864125398086574097e+11 -3.864601586969757080e+11 -3.864334842580538940e+11 -3.865503087991163330e+11
-4.827007413058391724e+11 -4.827602261081960449e+11 -4.827269047978753662e+11 -4.828728402607630615e+11
-2.067141582920705078e+12 -2.067396323583161133e+12 -2.067253626756372070e+12 -2.067878588013261475e+12
-3.661889417921364746e+11 -3.662340684612876587e+11 -3.662087900760056152e+11 -3.663195003937543945e+11
-1.179311972895564453e+12 -1.179457303391883057e+12 -1.179375894320725830e+12 -1.179732437045631836e+12
-5.805285557467952881e+11 -5.806000961905285645e+11 -5.805600217310744629e+11 -5.807355335873059082e+11
-9.672600902424731445e+11 -9.673792888884742432e+11 -9.673125179679046631e+11 -9.676049508068986816e+11
-1.409777692786111572e+12 -1.409951424330265625e+12 -1.409854105983113037e+12 -1.410280325670907227e+12
-1.181619011701126953e+12 -1.181764626501002930e+12 -1.181683058173071045e+12 -1.182040298388271729e+12
-6.548613128943680420e+11 -6.549420136093486328e+11 -6.548968078859189453e+11 -6.550947928479294434e+11
-6.326276675395100098e+11 -6.327056283285095215e+11 -6.326619574152635498e+11 -6.328532204557197266e+11
-1.525324139762410889e+12 -1.525512110476025635e+12 -1.525406815843317139e+12 -1.525867968819332520e+12
-1.009213155044410767e+12 -1.009337523702483887e+12 -1.009267856721921875e+12 -1.009572973278017456e+12
-1.446926878979991699e+12 -1.447105188540897217e+12 -1.447005305749314941e+12 -1.447442756791475586e+12
-1.217826859290677002e+12 -1.217976936103881104e+12 -1.217892868312044922e+12 -1.218261055286521484e+12
-2.002502099303199951e+12 -2.002748874228306396e+12 -2.002610639529642090e+12 -2.003216058258122559e+12
-6.915858570396733398e+11 -6.916710834412698975e+11 -6.916233425865914307e+11 -6.918324305208371582e+11
-8.745386577735709229e+11 -8.746464300511229248e+11 -8.745860597836635742e+11 -8.748504600467625732e+11
-6.714850766940273438e+11 -6.715678260101304932e+11 -6.715214727322860107e+11 -6.717244835761003418e+11
-1.949833951510590332e+12 -1.950074235965453125e+12 -1.949939637001619629e+12 -1.950529132509158447e+12
-6.622454878487943115e+11 -6.623270985402896729e+11 -6.622813830801490479e+11 -6.624816005077902832e+11
-8.437960844141503906e+11 -8.439000681835428467e+11 -8.438418201060073242e+11 -8.440969259319957275e+11
-2.030925803254025879e+12 -2.031176080926282959e+12 -2.031035884110978027e+12 -2.031649896209800781e+12
-7.378598758331629639e+11 -7.379508047333701172e+11 -7.378998695383636475e+11 -7.381229475487310791e+11
-9.751013934190822754e+11 -9.752215583745142822e+11 -9.751542461617110596e+11 -9.754490496699606934e+11
-7.512105134861627197e+11 -7.513030876308063965e+11 -7.512512308266105957e+11 -7.514783451518239746e+11
-2.838557419643452148e+11 -2.838907224414620972e+11 -2.838711275983522339e+11 -2.839569460277407227e+11
-2.176048222481108643e+12 -2.176316384066118164e+12 -2.176166169306745361e+12 -2.176824056431845215e+12
-7.329682625016207275e+11 -7.330585885935721436e+11 -7.330079910700256348e+11 -7.332295901954637451e+11
-9.167852846761057129e+11 -9.168982631446389160e+11 -9.168349765490773926e+11 -9.171121492847393799e+11
-4.422029093740113525e+11 -4.422574034932341919e+11 -4.422268777895194092e+11 -4.423605694969425659e+11
-7.475073876083948975e+11 -7.475995054025654297e+11 -7.475479042294315186e+11 -7.477738989848669434e+11
-6.315020271499294434e+11 -6.315798492233310547e+11 -6.315362560140986328e+11 -6.317271787383221436e+11
-4.226193269488677368e+11 -4.226714077191265869e+11 -4.226422338889479370e+11 -4.227700048702265015e+11
-6.606879519179654541e+11 -6.607693706678012695e+11 -6.607237627261584473e+11 -6.609235092628865967e+11
-9.152700078012474365e+11 -9.153827995377922363e+11 -9.153196175438494873e+11 -9.155963321633363037e+11
-4.999925815378931274e+11 -5.000541972688778076e+11 -5.000196822872289429e+11 -5.001708456113845825e+11
-1.066641119853426636e+12 -1.066772565550005127e+12 -1.066698934259250977e+12 -1.067021413077928711e+12
-1.777404399144718750e+12 -1.777623434538993652e+12 -1.777500738556624268e+12 -1.778038103242966064e+12
-9.056416983349564209e+11 -9.057533035415155029e+11 -9.056907862016562500e+11 -9.059645898809254150e+11
-1.547659551930878418e+12 -1.547850275111415771e+12 -1.547743438642465576e+12 -1.548211344309531494e+12
-4.732370313210347900e+11 -4.732953498784907227e+11 -4.732626818585161743e+11 -4.734057561458345947e+11
-8.096426998456965332e+11 -8.097424747797313232e+11 -8.096865843447500000e+11 -8.099313645392864990e+11
-5.736680338056317139e+11 -5.737387288059389648e+11 -5.736991279347324219e+11 -5.738725656414006348e+11
-7.079741623911279297e+11 -7.080614083776385498e+11 -7.080125362215391846e+11 -7.082265788520103760e+11
-1.490339700171200439e+12 -1.490523359637497559e+12 -1.490420480015172363e+12 -1.490871056105989502e+12
-9.824621592879438477e+11 -9.825832313345480957e+11 -9.825154110000449219e+11 -9.828124398985766602e+11
-6.335281201909188232e+11 -6.336061919461791992e+11 -6.335624588737875977e+11 -6.337539941480147705e+11
-1.146907609370839355e+12 -1.147048946571297852e+12 -1.146969774404729980e+12 -1.147316520283041504e+12
-1.235636304478763580e+11 -1.235788576007050018e+11 -1.235703278821227570e+11 -1.236076850128377991e+11
-6.552452271638739014e+11 -6.553259751895317383e+11 -6.552807429637709961e+11 -6.554788439961380615e+11
-1.340917347425722412e+12 -1.341082593083611572e+12 -1.340990028234028320e+12 -1.341395429295433105e+12
-5.673717852851665039e+11 -5.674417043782418213e+11 -5.674025381425854492e+11 -5.675740722978966064e+11
-2.882010355972543945e+11 -2.882365515601790771e+11 -2.882166567565786133e+11 -2.883037889038745117e+11
-1.123285961177458984e+12 -1.123424387404914795e+12 -1.123346845865173340e+12 -1.123686450181339600e+12
-1.107187489084895752e+12 -1.107323931444095947e+12 -1.107247501197403564e+12 -1.107582238445466064e+12
-7.567406149236811523e+11 -7.568338705584477539e+11 -7.567816320068828125e+11 -7.570104182542954102e+11
-7.448057209957712402e+11 -7.448975058574246826e+11 -7.448460911822412109e+11 -7.450712691389144287e+11
-5.996245636945655518e+11 -5.996984574025447998e+11 -5.996570647266354980e+11 -5.998383499005640869e+11
-1.208650478530974609e+12 -1.208799424508127686e+12 -1.208715990171292969e+12 -1.209081402839477783e+12
-1.048774254659056274e+12 -1.048903498561636230e+12 -1.048831100639188843e+12 -1.049148177747022095e+12
-1.117008887588750244e+12 -1.117146540271145020e+12 -1.117069432043683350e+12 -1.117407138606066162e+12
-8.608288911333083496e+11 -8.609349739104809570e+11 -8.608755500415490723e+11 -8.611358054163099365e+11
-1.469834955564535156e+12 -1.470016088163079834e+12 -1.469914624003772949e+12 -1.470359000872167969e+12
-4.610938491500557251e+11 -4.611506712644259644e+11 -4.611188414998503418e+11 -4.612582445254027100e+11
-5.929259304103483887e+11 -5.929989986253050537e+11 -5.929580683623463135e+11 -5.931373283304667969e+11
-5.814856640008326416e+11 -5.815573223940825195e+11 -5.815171818641369629e+11 -5.816929830827430420e+11
-7.809643210546473389e+11 -7.810605618584245605e+11 -7.810066511201816406e+11 -7.812427609477879639e+11
-1.065037502822195435e+12 -1.065168750898881348e+12 -1.065095230308130127e+12 -1.065417224302271240e+12
-6.662772731060395508e+11 -6.663593806488103027e+11 -6.663133868693450928e+11 -6.665148232327285156e+11
-1.362402908413472656e+12 -1.362570801807608154e+12 -1.362476753789052490e+12 -1.362888650604059570e+12
-1.231792803082328369e+12 -1.231944600963389404e+12 -1.231859569089473389e+12 -1.232231978402886230e+12
-8.591560417378165283e+11 -8.592619183636998291e+11 -8.592026099735791016e+11 -8.594623595935905762e+11
-1.847068586938574951e+12 -1.847296207279687988e+12 -1.847168702310282471e+12 -1.847727128648908447e+12
-2.655467606349627991e+11 -2.655794848351850281e+11 -2.655611538800091553e+11 -2.656414369335903625e+11
-1.462328772564852539e+12 -1.462508980152519043e+12 -1.462408034151743408e+12 -1.462850141667733154e+12
-1.629766719267319824e+12 -1.629967560783825928e+12 -1.629855056377305664e+12 -1.630347785595423584e+12
-1.301064871523081055e+12 -1.301225206028967529e+12 -1.301135392235422852e+12 -1.301528744652255371e+12
-8.121600510106447754e+11 -8.122601361654619141e+11 -8.122040719552779541e+11 -8.124496132239239502e+11
-1.764011848996340820e+12 -1.764229233983175537e+12 -1.764107462502265137e+12 -1.764640778202366943e+12
-1.065137583225415039e+12 -1.065268843636466919e+12 -1.065195316135549683e+12 -1.065517340389020752e+12
-9.106839642814174805e+11 -9.107961908644360352e+11 -9.107333254502833252e+11 -9.110086535650157471e+11
-5.922894598088181152e+11 -5.923624495867806396e+11 -5.923215632604562988e+11 -5.925006308049560547e+11
-1.050223907085095459e+12 -1.050353329634759521e+12 -1.050280831639671753e+12 -1.050598347025376465e+12
-9.880689646019379883e+11 -9.881907275921646729e+11 -9.881225202159877930e+11 -9.884212442245989990e+11
-1.318897045136955566e+12 -1.319059577160092041e+12 -1.318968532393996338e+12 -1.319367276032556641e+12
-9.868632875498946533e+11 -9.869849019604263916e+11 -9.869167778129252930e+11 -9.872151373086873779e+11
-1.173062827501484619e+12 -1.173207387895752686e+12 -1.173126410208984131e+12 -1.173481063623147217e+12
-6.416747164935792236e+11 -6.417537921800233154e+11 -6.417094967404869385e+11 -6.419034949845192871e+11
-8.909004441312731934e+11 -8.910102327258386230e+11 -8.909487329873038330e+11 -8.912180799285479736e+11
-1.157417692080160400e+12 -1.157560324471561279e+12 -1.157480426784899414e+12 -1.157830350187550537e+12
-1.107959718674118164e+12 -1.108096256196418213e+12 -1.108019772642677490e+12 -1.108354743359463867e+12
-2.396623284282173157e+11 -2.396918628061356201e+11 -2.396753186792574158e+11 -2.397477760613391113e+11
-2.123390123192267334e+12 -2.123651795544712891e+12 -2.123505215826619385e+12 -2.124147182769190186e+12
-7.438620003696961670e+11 -7.439536689317869873e+11 -7.439023194026998291e+11 -7.441272120448703613e+11
-1.361961021554429199e+12 -1.362128860493069336e+12 -1.362034842978445557e+12 -1.362446606197517822e+12
-6.707669987766406250e+11 -6.708496596014147949e+11 -6.708033558922923584e+11 -6.710061496406070557e+11
-4.793489031317020874e+11 -4.794079748756822510e+11 -4.793748849475135498e+11 -4.795198070434765625e+11
-1.452422376326599121e+12 -1.452601363116463135e+12 -1.452501100964445068e+12 -1.452940213468080566e+12
-1.733769135371990234e+12 -1.733982793448910156e+12 -1.733863109652292969e+12 -1.734387282040098877e+12
-8.376093874215626221e+11 -8.377126087834122314e+11 -8.376547877793632812e+11 -8.379080231749881592e+11
-2.277080826694003906e+12 -2.277361438859257324e+12 -2.277204249719664551e+12 -2.277892682146083496e+12
-7.568355908512340088e+11 -7.569288581929663086e+11 -7.568766130833510742e+11 -7.571054280463077393e+11
-7.070215982286934814e+11 -7.071087268276618652e+11 -7.070599204278837891e+11 -7.072736750684510498e+11
-1.439231163679822021e+12 -1.439408524873062744e+12 -1.439309173324176758e+12 -1.439744297711978760e+12
-9.120716355215003662e+11 -9.121840331104411621e+11 -9.121210719041385498e+11 -9.123968195552237549e+11
-5.745765994381806641e+11 -5.746474064036501465e+11 -5.746077428127849121e+11 -5.747814552078876953e+11
-7.322334703518183594e+11 -7.323237058929178467e+11 -7.322731590924598389e+11 -7.324945360677639160e+11
-4.931653225811381836e+11 -4.932260969674172363e+11 -4.931920532780164185e+11 -4.933411525081005249e+11
-4.207035713837429810e+11 -4.207554160701104126e+11 -4.207263744865026245e+11 -4.208535662741533813e+11
-5.748883700237542725e+11 -5.749592154091352539e+11 -5.749195302967238770e+11 -5.750933369500246582e+11
-1.113704558763402832e+12 -1.113841804243081787e+12 -1.113764924116062988e+12 -1.114101631677654297e+12
-7.325709532295913086e+11 -7.326612303605885010e+11 -7.326106602630223389e+11 -7.328321392697011719e+11
-4.825535538806439209e+11 -4.826130205428849487e+11 -4.825797093943411865e+11 -4.827256003571588745e+11
-4.955387752853557129e+11 -4.955998421603337402e+11 -4.955656346282543945e+11 -4.957154514283360596e+11
-1.161923829765720703e+12 -1.162067017463560547e+12 -1.161986808712721680e+12 -1.162338094462249268e+12
-6.880095725948275146e+11 -6.880943582788383789e+11 -6.880468642979353027e+11 -6.882548710123132324e+11
-9.057146927789040527e+11 -9.058263069820572510e+11 -9.057637846007913818e+11 -9.060376103515733643e+11
-1.040487065512751953e+12 -1.040615288156726318e+12 -1.040543462306985229e+12 -1.040858033940692993e+12
-1.312168775158660645e+12 -1.312330478036957031e+12 -1.312239897728824219e+12 -1.312636607202211670e+12
-1.544496429871962891e+12 -1.544686763250359619e+12 -1.544580145135785645e+12 -1.545047094490994141e+12
-4.747046200120502319e+11 -4.747631194251461792e+11 -4.747303500965218506e+11 -4.748738680818672485e+11
-1.807687824039245117e+12 -1.807910591359329834e+12 -1.807785804882713867e+12 -1.808332325190367432e+12
-4.339551510680228882e+11 -4.340086287897480469e+11 -4.339786724372844238e+11 -4.341098705887110596e+11
-6.214904990652709961e+11 -6.215670873852075195e+11 -6.215241852816280518e+11 -6.217120812084664307e+11
-1.508278352235595459e+12 -1.508464222342145508e+12 -1.508360104396364990e+12 -1.508816103900104492e+12
-7.174873799347158203e+11 -7.175757982674433594e+11 -7.175262694036492920e+11 -7.177431881769167480e+11
-1.340577792780434814e+12 -1.340742996593996582e+12 -1.340650455184091064e+12 -1.341055753587920898e+12
-9.924998926532558594e+11 -9.926222016826722412e+11 -9.925536884338695068e+11 -9.928537520513131104e+11
-3.325133090623682251e+11 -3.325542857716428833e+11 -3.325313320491616211e+11 -3.326318611750771484e+11
-2.560090924501589355e+11 -2.560406412937069092e+11 -2.560229687326833191e+11 -2.561003682521998596e+11
-5.853429265041989746e+11 -5.854150602392760010e+11 -5.853746534383929443e+11 -5.855516208298807373e+11
-1.032105990753100708e+12 -1.032233180571965332e+12 -1.032161933274898071e+12 -1.032473971049060303e+12
-1.265510202657982666e+12 -1.265666155645485840e+12 -1.265578796225530518e+12 -1.265961399359101562e+12
-9.437849058833034668e+11 -9.439012116050795898e+11 -9.438360611996735840e+11 -9.441213967594704590e+11
-6.173233163401019287e+11 -6.173993911260052490e+11 -6.173567766854605713e+11 -6.175434127451639404e+11
-6.185872207341318359e+11 -6.186634512739045410e+11 -6.186207495872651367e+11 -6.188077677614489746e+11
-9.575469959292811279e+11 -9.576649975978132324e+11 -9.575988971819940186e+11 -9.578883934511677246e+11
-1.346737399082979004e+12 -1.346903361966130127e+12 -1.346810395351609131e+12 -1.347217555996413574e+12
-1.176083165337337646e+12 -1.176228097938039307e+12 -1.176146911754710449e+12 -1.176502478310121338e+12
-6.010528315572462158e+11 -6.011269012746340332e+11 -6.010854100040567627e+11 -6.012671269879050293e+11
-5.567948279472058105e+11 -5.568634436063150635e+11 -5.568250075090240479e+11 -5.569933439208687744e+11
-1.252462992853609375e+12 -1.252617337990133789e+12 -1.252530879232803223e+12 -1.252909537787359863e+12
-1.993776095141065674e+12 -1.994021794731233154e+12 -1.993884162397093506e+12 -1.994486942983617432e+12
-1.832868272635401367e+12 -1.833094143027454590e+12 -1.832967618318483887e+12 -1.833521751459780518e+12
-6.225761843011392822e+11 -6.226529064123634033e+11 -6.226099293636008301e+11 -6.227981535274321289e+11
-1.272535629598850098e+12 -1.272692448353084961e+12 -1.272604603961160400e+12 -1.272989331099944092e+12
-4.003855797044748535e+11 -4.004349205365951538e+11 -4.004072815245359497e+11 -4.005283305505582886e+11
-7.220978486137814941e+11 -7.221868351078229980e+11 -7.221369879801462402e+11 -7.223553006410187988e+11
-8.059421232343051758e+11 -8.060414421343444824e+11 -8.059858071536699219e+11 -8.062294685484321289e+11
-1.104120501390297119e+12 -1.104256565793199951e+12 -1.104180347264561035e+12 -1.104514157266211670e+12
-1.069525606947826660e+12 -1.069657408106630981e+12 -1.069583577697878174e+12 -1.069906928587080200e+12
-1.622837068985930664e+12 -1.623037056539931885e+12 -1.622925030493311035e+12 -1.623415664662821045e+12
-2.166222672133135742e+12 -2.166489622882546631e+12 -2.166340086391032227e+12 -2.166995002946312988e+12
-9.725541303554240723e+11 -9.726739814038100586e+11 -9.726068450301973877e+11 -9.729008784222897949e+11
-1.693468037547445312e+12 -1.693676729187460205e+12 -1.693559827415057617e+12 -1.694071815526420898e+12
-6.760050719693796387e+11 -6.760883782988607178e+11 -6.760417130009957275e+11 -6.762460903802008057e+11
-9.005342397827326660e+11 -9.006452155810052490e+11 -9.005830508126323242e+11 -9.008553103498800049e+11
-3.322028920202243042e+11 -3.322438304772996216e+11 -3.322208981828593140e+11 -3.323213334591609497e+11
-9.591472132507725830e+11 -9.592654121192457275e+11 -9.591992012388907471e+11 -9.594891813033698730e+11
-2.616806874363889160e+11 -2.617129352093663330e+11 -2.616948711319158020e+11 -2.617739853522803955e+11
-9.474193027396694336e+11 -9.475360563382812500e+11 -9.474706550489542236e+11 -9.477570893989215088e+11
-1.022100087130142212e+12 -1.022226043888679932e+12 -1.022155487309350098e+12 -1.022464499986527710e+12
-1.276707594166097168e+12 -1.276864927044739502e+12 -1.276776794658135498e+12 -1.277162783111971436e+12
-5.708370852147449951e+11 -5.709074313496066895e+11 -5.708680259007408447e+11 -5.710406077227073975e+11
-1.576568869070096191e+12 -1.576763154841427979e+12 -1.576654322734470703e+12 -1.577130968586586426e+12
-9.088196387010192871e+11 -9.089316355362330322e+11 -9.088688988184465332e+11 -9.091436632898344727e+11
-1.157039387089155029e+12 -1.157181972862390381e+12 -1.157102101289236328e+12 -1.157451910318726562e+12
-7.845286935290241699e+11 -7.846253735833183594e+11 -7.845712167919035645e+11 -7.848084042407006836e+11
-1.018632629741439972e+11 -1.018758159206907349e+11 -1.018687841992687225e+11 -1.018995806336611023e+11
-8.958259592658751221e+11 -8.959363548467239990e+11 -8.958745150958751221e+11 -8.961453511731047363e+11
-9.879020551086013184e+11 -9.880237975282077637e+11 -9.879556016735864258e+11 -9.882542752227556152e+11
-1.398526506636662354e+12 -1.398698851661743408e+12 -1.398602309994835449e+12 -1.399025128098021484e+12
-1.312684371781617188e+12 -1.312846138196783691e+12 -1.312755522297148193e+12 -1.313152387651674072e+12
-6.229709541432956543e+11 -6.230477249034666748e+11 -6.230047206037034912e+11 -6.231930641176743164e+11
-1.241287234416194824e+12 -1.241440202327052979e+12 -1.241354515043118652e+12 -1.241729794819480957e+12
-7.361990912642440186e+11 -7.362898155013295898e+11 -7.362389949509714355e+11 -7.364615708554820557e+11
-6.036079838090554199e+11 -6.036823684079071045e+11 -6.036407007516647949e+11 -6.038231902379504395e+11
-1.661993840343483154e+12 -1.662198653315446533e+12 -1.662083924238591553e+12 -1.662586396718121582e+12
-2.781307244716256104e+11 -2.781649994347337036e+11 -2.781457997969727783e+11 -2.782298873738860474e+11
-2.672274484894779663e+11 -2.672603798076856995e+11 -2.672419328331236572e+11 -2.673227240095470276e+11
-1.105933072160590576e+12 -1.106069359933465820e+12 -1.105993016280595703e+12 -1.106327374279335205e+12
-5.956754627131866455e+11 -5.957488697608818359e+11 -5.957077496947532959e+11 -5.958878409330295410e+11
-4.933388077214417114e+11 -4.933996034867817383e+11 -4.933655478207105103e+11 -4.935146995021436768e+11
-9.204295126070169678e+11 -9.205429401658660889e+11 -9.204794020074477539e+11 -9.207576765040776367e+11
-1.814882794209705811e+12 -1.815106448189833008e+12 -1.814981165036305664e+12 -1.815529860609187744e+12
-8.474387651492729492e+11 -8.475431978179055176e+11 -8.474846982823787842e+11 -8.477409054040924072e+11
-6.079488648366779785e+11 -6.080237843785231934e+11 -6.079818170663836670e+11 -6.081656189354576416e+11
-5.943143368493646240e+11 -5.943875761622348633e+11 -5.943465500551477051e+11 -5.945262297827608643e+11
-4.944794928798663330e+11 -4.945404292159663696e+11 -4.945062948073734131e+11 -4.946557913531169434e+11
-1.483902030590099121e+12 -1.484084896721473633e+12 -1.483982461498014893e+12 -1.484431091280183838e+12
-1.578408125350749756e+12 -1.578602637779547852e+12 -1.578493678707208984e+12 -1.578970880623791260e+12
-1.355848228921062988e+12 -1.356015314562096924e+12 -1.355921719018460205e+12 -1.356331634149453369e+12
-1.300927111024860596e+12 -1.301087428554403564e+12 -1.300997624270059814e+12 -1.301390935037904297e+12
-4.163200040378737183e+11 -4.163713085217194824e+11 -4.163425695399836426e+11 -4.164684360396595459e+11
-6.485421162090382080e+11 -6.486220381875236816e+11 -6.485772686852087402e+11 -6.487733431576823730e+11
-5.615194696394132080e+11 -5.615886675312799072e+11 -5.615499052875341797e+11 -5.617196701052983398e+11
-1.185930533207756348e+12 -1.186076679330849609e+12 -1.185994813374289062e+12 -1.186353357096427734e+12
-1.793213038512191895e+12 -1.793434022058054688e+12 -1.793310234789936523e+12 -1.793852378918988037e+12
-1.549555744551257568e+12 -1.549746701404382080e+12 -1.549639734041611328e+12 -1.550108212984594482e+12
-8.135535305431800537e+11 -8.136537874216816406e+11 -8.135976270163881836e+11 -8.138435895800307617e+11
-1.003325992495471313e+12 -1.003449635658699219e+12 -1.003380375074629761e+12 -1.003683711759149414e+12
-7.059101069011166992e+11 -7.059970985263128662e+11 -7.059483688545880127e+11 -7.061617874569923096e+11
-2.522790860490860291e+11 -2.523101752297854919e+11 -2.522927601562836304e+11 -2.523690319781233215e+11
-1.989051352644573486e+12 -1.989296469990185303e+12 -1.989159163809996094e+12 -1.989760515958406982e+12
-1.314886985516379639e+12 -1.315049023366461426e+12 -1.314958255419465576e+12 -1.315355786690863770e+12
-1.099873804594336182e+12 -1.100009345663108887e+12 -1.099933420287590820e+12 -1.100265946381303467e+12
-6.199460829656009521e+11 -6.200224809624759521e+11 -6.199796854708082275e+11 -6.201671144738493652e+11
-1.015704440709543701e+12 -1.015829609310526978e+12 -1.015759494229090576e+12 -1.016066573304369263e+12
-7.870046227683677979e+11 -7.871016079385375977e+11 -7.870472802316116943e+11 -7.872852162306201172e+11
-9.153360864342274170e+11 -9.154488863134656982e+11 -9.153856997592126465e+11 -9.156624343542778320e+11
-9.399262851182148438e+11 -9.400421153278161621e+11 -9.399772312875776367e+11 -9.402614002670472412e+11
-1.734227530299084717e+12 -1.734441244865256104e+12 -1.734321529425254883e+12 -1.734845840399504395e+12
-4.312675100929950562e+11 -4.313206566064224243e+11 -4.312908857850544434e+11 -4.314212713795882568e+11
-1.657035124578607910e+12 -1.657239326471552979e+12 -1.657124939699061035e+12 -1.657625913006195068e+12
-1.015354590828500977e+12 -1.015479716316559326e+12 -1.015409625386063721e+12 -1.015716598689043579e+12
-1.422213860869111084e+12 -1.422389124963958496e+12 -1.422290948135738525e+12 -1.422720927664027588e+12
-1.513599460604656250e+12 -1.513785986447123291e+12 -1.513681501181490723e+12 -1.514139109420755615e+12
-1.002409506259474487e+12 -1.002533036482408569e+12 -1.002463839162991577e+12 -1.002766898765157104e+12
-6.702986680385249023e+11 -6.703812711515086670e+11 -6.703349997706674805e+11 -6.705376519273198242e+11
-1.161951089565571045e+12 -1.162094280622995850e+12 -1.162014069990435791e+12 -1.162365363980659424e+12
-2.524298173546704102e+11 -2.524609251112448120e+11 -2.524434996316723938e+11 -2.525198170242902832e+11
-1.491339167165883545e+12 -1.491522949800062988e+12 -1.491420001183643799e+12 -1.491870879443842285e+12
-1.188987894684240967e+12 -1.189134417575948730e+12 -1.189052340566696533e+12 -1.189411808623999023e+12
-1.205621863781588379e+12 -1.205770436531452148e+12 -1.205687211263324951e+12 -1.206051708286993408e+12
-1.149585764901259277e+12 -1.149727432138596436e+12 -1.149648075097118896e+12 -1.149995630664496338e+12
-7.074796478366818848e+11 -7.075668328832487793e+11 -7.075179948637558594e+11 -7.077318879870373535e+11
-1.040857770283329224e+12 -1.040986038611989746e+12 -1.040914187171875000e+12 -1.041228870880564819e+12
-6.865174952343210449e+11 -6.866020970445037842e+11 -6.865547060633422852e+11 -6.867622616762036133e+11
-6.503308840998247070e+11 -6.504110265139431152e+11 -6.503661335304829102e+11 -6.505627488040903320e+11
-5.380766472844728394e+11 -5.381429562408945923e+11 -5.381058122780418701e+11 -5.382684896009285278e+11
-9.745752626797744141e+11 -9.746953627963397217e+11 -9.746280869034986572e+11 -9.749227313465765381e+11
-1.093378889391324829e+12 -1.093513630069614136e+12 -1.093438153044828491e+12 -1.093768715523418213e+12
-6.620366349437272949e+11 -6.621182198968947754e+11 -6.620725188544604492e+11 -6.622726731393337402e+11
-1.017872069727464233e+12 -1.017997505451743042e+12 -1.017927240737091675e+12 -1.018234975154987183e+12
-7.025866350344129639e+11 -7.026732170973201904e+11 -7.026247168480262451e+11 -7.028371306620367432e+11
-1.234982723388968262e+12 -1.235134914374229004e+12 -1.235049662296669434e+12 -1.235423036022942871e+12
-2.551280792686853516e+12 -2.551595195415348145e+12 -2.551419077981369141e+12 -2.552190409594471191e+12
-1.080920555990699951e+12 -1.081053761388000977e+12 -1.080979144373702271e+12 -1.081305940311318970e+12
-1.142417016217447266e+12 -1.142557800026743164e+12 -1.142478937851116943e+12 -1.142824326082081299e+12
-8.495052920966748047e+11 -8.496099794310092773e+11 -8.495513372412255859e+11 -8.498081691383240967e+11
-9.772822478604656982e+11 -9.774026815678688965e+11 -9.773352188088406982e+11 -9.776306816586687012e+11
-8.682930860659221191e+11 -8.684000886803369141e+11 -8.683401495509989014e+11 -8.686026615835887451e+11
-1.520227638834757812e+12 -1.520414981489719727e+12 -1.520310038673981445e+12 -1.520769650818143799e+12
-1.228395606766182373e+12 -1.228546985999973877e+12 -1.228462188637520264e+12 -1.228833570873507324e+12
-5.725278918944957275e+11 -5.725984463905823975e+11 -5.725589242243117676e+11 -5.727320172314832764e+11
-4.346611849548295288e+11 -4.347147496822640381e+11 -4.346847445914541626e+11 -4.348161562004412842e+11
-8.459518394018011475e+11 -8.460560888320903320e+11 -8.459976919401082764e+11 -8.462534495183402100e+11
-9.921120576021751709e+11 -9.922343188350786133e+11 -9.921658323605169678e+11 -9.924657787218554688e+11
-9.937296682162935791e+11 -9.938521287940021973e+11 -9.937835306527985840e+11 -9.940839660693479004e+11
-1.604215038953180908e+12 -1.604412731651541260e+12 -1.604301991103260498e+12 -1.604786995252624023e+12
-1.193729619624824951e+12 -1.193876726856563965e+12 -1.193794322520380371e+12 -1.194155224148837891e+12
-1.033919894674979614e+12 -1.034047308027772339e+12 -1.033975935515442505e+12 -1.034288521688446289e+12
-1.231117903959214844e+12 -1.231269618670015137e+12 -1.231184633384779541e+12 -1.231556838655545654e+12
-1.076806510112847290e+12 -1.076939208524247803e+12 -1.076864875506005859e+12 -1.077190427638706421e+12
-6.562046868774508057e+11 -6.562855531416701660e+11 -6.562402546834124756e+11 -6.564386457894251709e+11
-1.987024013194546875e+12 -1.987268880703548096e+12 -1.987131714472626953e+12 -1.987732453694007568e+12
-5.246434512025242920e+11 -5.247081047418656616e+11 -5.246718880860396729e+11 -5.248305041345460205e+11
-3.011254139532093506e+11 -3.011625226285255737e+11 -3.011417356444588623e+11 -3.012327752317541504e+11
-6.783693884999091797e+11 -6.784529861931534424e+11 -6.784061576833946533e+11 -6.786112498692064209e+11
-7.006706494763209229e+11 -7.007569954277543945e+11 -7.007086274400474854e+11 -7.009204619909946289e+11
-2.078326411060018799e+12 -2.078582530063909668e+12 -2.078439061138184326e+12 -2.079067403917181885e+12
-1.456991318037427979e+12 -1.457170867872127441e+12 -1.457070290322167969e+12 -1.457510784158547607e+12
-4.235178310312379761e+11 -4.235700225268961792e+11 -4.235407866726045532e+11 -4.236688292978623047e+11
-4.525198443998836670e+11 -4.525756099105080566e+11 -4.525443720179338989e+11 -4.526811828554804688e+11
-1.409899805723287842e+12 -1.410073552317441406e+12 -1.409976225540704346e+12 -1.410402482145525146e+12
-3.611929361686276855e+11 -3.612374471619863281e+11 -3.612125136571243286e+11 -3.613217135271571045e+11
-4.097561815092583008e+11 -4.098066771146105957e+11 -4.097783912388786621e+11 -4.099022732900313110e+11
-1.905971235266961426e+12 -1.906206114375793945e+12 -1.906074543297895508e+12 -1.906650777740976074e+12
-7.581779654110272217e+11 -7.582713981776044922e+11 -7.582190604027836914e+11 -7.584482812068190918e+11
-8.857644145275596924e+11 -8.858735701933450928e+11 -8.858124250004913330e+11 -8.860802191582584229e+11
-1.350831275183368164e+12 -1.350997742566388672e+12 -1.350904493349098877e+12 -1.351312891699050049e+12
-9.073245718002451172e+11 -9.074363843932197266e+11 -9.073737508811346436e+11 -9.076480633479996338e+11
-1.637570645737893311e+12 -1.637772448957607178e+12 -1.637659405838396240e+12 -1.638154494426977051e+12
-6.355672057162509766e+11 -6.356455287533245850e+11 -6.356016549225979004e+11 -6.357938066751351318e+11
-3.966787247036899414e+11 -3.967276087290480347e+11 -3.967002256040140991e+11 -3.968201539336336670e+11
-7.599421105624008789e+11 -7.600357607290266113e+11 -7.599833011742758789e+11 -7.602130553338780518e+11
-7.979950910804326172e+11 -7.980934306430989990e+11 -7.980383442534610596e+11 -7.982796030130341797e+11
-7.920872149436285400e+11 -7.921848264570257568e+11 -7.921301478940533447e+11 -7.923696205198603516e+11
-1.624988981945758545e+12 -1.625189234686983398e+12 -1.625077060091552734e+12 -1.625568344852000000e+12
-1.106689337573037598e+12 -1.106825718541962402e+12 -1.106749322683217041e+12 -1.107083909325399414e+12
-1.472792087293429932e+12 -1.472973584310119141e+12 -1.472871916016303955e+12 -1.473317186917750732e+12
-1.467928936898149658e+12 -1.468109834613920898e+12 -1.468008502028150879e+12 -1.468452302647740967e+12
-8.912894075021367188e+11 -8.913992440294310303e+11 -8.913377174409688721e+11 -8.916071819775527344e+11
-5.192688250808914795e+11 -5.193328162876615601e+11 -5.192969706473323975e+11 -5.194539617797383423e+11
-9.456766947801413574e+11 -9.457932336320949707e+11 -9.457279526356799316e+11 -9.460138601420960693e+11
-1.257797421548985840e+12 -1.257952424065737793e+12 -1.257865597066539551e+12 -1.258245868385911377e+12
-1.165040407754771240e+12 -1.165183979519420410e+12 -1.165103555628239502e+12 -1.165455783615215576e+12
-5.425382950741220093e+11 -5.426051538539913330e+11 -5.425677018998726807e+11 -5.427317281161225586e+11
-1.002375815440312866e+12 -1.002499341512214600e+12 -1.002430146518657349e+12 -1.002733195934714966e+12
-7.492122286339285889e+11 -7.493045565227799072e+11 -7.492528376620648193e+11 -7.494793478442216797e+11
-1.224820550040231201e+12 -1.224971488707349609e+12 -1.224886938134957275e+12 -1.225257239519573975e+12
