5.102398901838848255e-01 4.439662083780791524e-01 -4.156362791814925961e-01 4.069344378054035039e-01
5.752987587216608079e-01 -4.811171890300373621e-01 4.052025192421943589e-01 4.625664167259380677e-01
-4.399440318327367261e-01 -2.624142090140363370e-01 -4.287745626496327067e-01 3.476692430142759305e-01
4.092854212857979790e-01 -3.386348687708134464e-01 4.253846361796444486e-01 3.604403196917691510e-01
4.156602145306939611e-01 -5.287719213176659272e-01 4.548328049445426458e-01 -4.390526742060050780e-01
3.946584906353746147e-01 -5.216959092303234957e-01 -4.053031687862335142e-01 4.559987408193724723e-01
-4.113305561435292024e-01 -4.815574682788883454e-01 4.094975364603403167e-01 4.779052575700226124e-01
4.359450658538272516e-01 -4.957502864487309258e-01 -4.238235721995298189e-01 4.050630405481023821e-01
4.422309241614251207e-01 4.610557486006477412e-01 -4.628770903704222950e-01 -4.899491401261609202e-01
4.231292886207762560e-01 -4.227088286115533444e-01 4.457436049348955653e-01 -4.482213352371142157e-01
4.552928678820713504e-01 5.142766619202261413e-01 -4.219714838483775154e-01 4.088324770266829611e-01
-5.177321216432926310e-01 3.443731973206960034e-02 2.233304148633413408e-02 -3.398281387736537540e-01
3.550199349777936608e-01 1.150681497104539541e-01 -2.098393212502240868e-01 3.358439050280825344e-01
4.147175373523621644e-01 -1.959060472450470380e-01 4.155967137765382846e-01 3.665250668001268086e-01
4.852491259515130939e-01 -4.723743730979372279e-01 5.267169587090199112e-01 4.726195228271438675e-01
-4.341262969976154018e-01 4.871357898752914362e-01 -5.627781754117563429e-01 -4.453756720265030222e-01
4.238521066756979483e-01 -4.492768136848829252e-01 -5.277861068462703642e-01 -4.324943434916870277e-01
5.155918758289498305e-01 -4.485720773495195379e-01 -4.326626196043679151e-01 -3.872568448040196176e-01
5.732092274014752853e-01 3.897078600127900638e-01 -4.192114962850890802e-01 4.252812967679013845e-01
-3.936686223407304119e-01 -2.369634728593983941e-01 1.677973015025645831e-01 -4.554428100150499925e-01
4.209744334790618270e-01 2.187363920125831585e-01 -3.491406492112533178e-01 -4.771950002276630909e-01
-4.287001328685096646e-01 -2.723555078974888022e-01 -2.725748602694785250e-01 -4.615192494151794667e-01
4.121126025011854210e-01 4.091997442223120895e-01 -4.360863343500391842e-01 4.886930883571258821e-01
4.757620230266518813e-01 -4.812777110356958876e-01 -4.553595080136658146e-01 -4.660044267963338038e-01
4.375649843132998207e-01 2.004589393093977184e-02 2.746509338156414293e-01 3.787773871027836914e-01
-4.633045957729461928e-01 1.796885516976863828e-01 -3.416372511737100215e-01 -5.363028989202472951e-01
4.344843861468961066e-01 -4.636118285226557001e-01 4.171100394554195789e-01 5.214647528768314722e-01
5.504582060093445861e-01 4.633422809613270132e-01 -3.507411589850273903e-01 -3.671127277159019764e-01
4.638267877040703757e-01 1.682583013570092267e-01 1.855103652116163460e-01 -4.915920959028970416e-01
-5.886639657401271375e-01 7.290594100513109188e-02 2.404435853018125659e-03 -2.560539952680001771e-02
4.317687184836775938e-01 -4.534550740213417752e-01 -4.396430378326735555e-01 4.622751767152422087e-01
-4.388580917465644271e-01 4.553986397438040679e-01 -4.532529213630011045e-01 4.112429581787361288e-01
-3.988114235711398003e-01 7.507875621428836133e-02 7.156494119807403631e-02 1.274246040799293933e-01
-4.838654667075366622e-01 3.787703295295976602e-01 -4.277080853579904307e-01 3.623951870546133769e-01
-4.425460556808215040e-01 1.158045647807022654e-01 3.277394440057210256e-01 -3.363844687330675431e-01
4.698708489148752943e-01 4.747820163192336684e-01 4.675512073575208705e-01 4.260017551597395369e-01
3.528782528705758370e-01 -1.247751041974333869e-01 2.076037546470640982e-01 -4.404979124227980658e-01
4.942797368185322671e-01 -4.360622462610047045e-01 4.403809109040809910e-01 5.024852390704880323e-01
5.434248975751220234e-01 -4.527237303445719729e-01 -4.148495479483533810e-01 -5.415450607068961197e-01
4.582189442931910994e-01 -4.483736851875700369e-01 -4.392580011597514433e-01 -5.026681823862257925e-01
-4.457914347332791460e-01 -4.475733848686226923e-01 4.504517231524198806e-01 4.196950751802414059e-01
-3.775552811547385201e-01 3.571898005145414390e-02 1.728437902859464304e-02 7.160034595156328230e-02
-5.228513962156250416e-01 -1.474041761494430391e-01 -1.499274722204258503e-01 4.323167631039930292e-01
4.235332055801193096e-01 4.393094164256372003e-01 4.408460592901187747e-01 -4.545941022973961076e-01
3.631199832349650269e-01 -6.485039677695178528e-02 2.654913553927185088e-01 -3.758659737632302766e-01
4.569978534582133101e-01 -4.630135927123301132e-01 4.830118527963031538e-01 4.819042733623449259e-01
-4.265195068486917207e-01 -4.248909890072612439e-01 4.789186964179071859e-01 4.983295483276720117e-01
-4.260445295193343029e-01 2.786273985728084379e-01 -2.046892900159635043e-01 -5.169888081279941927e-01
-4.781037324898634311e-01 1.345704502062086173e-02 4.241400701107777421e-02 1.958356948161524280e-01
-4.658418818805930006e-01 1.245549913829613747e-01 4.686290802223436192e-02 -2.343870914213663503e-01
