9.608144259373895268e-01
5.969536958545234029e-01
2.828398989711300437e-01
2.221630763665755348e-01
1.285470127557378772e+00
-3.153720846001913380e-01
1.216517139426142924e+00
-1.940058831093333769e+00
-7.270156576482779409e-02
-9.201792199386313875e-01
5.268315979765499923e-01
1.009367777148755918e+00
3.610484323503733717e-01
-8.992770358299682076e-01
9.338097454992070334e-01
6.965215951677456996e-01
-1.962945832065134122e-01
-7.429494467193109575e-02
-3.683632029820168574e-01
2.871531756168983485e-01
-8.414676677201797794e-01
1.684823592830622330e+00
1.003432985724160620e+00
-8.239614783352789962e-01
-8.315946206829355480e-01
-6.922214492770616401e-01
-6.807105489352758276e-01
-1.228635254143488065e-01
-2.089850506343239323e-01
-7.727835797298854281e-01
9.926962995022898806e-01
-5.325420890398153695e-01
8.628622426514801491e-01
-5.831381491234869374e-01
-3.030677054474795740e-01
-1.008770271112468642e+00
-6.998894583021615379e-01
-9.053618931179353499e-03
1.266124751223905998e+00
-1.120597247499635962e+00
6.897455621405529369e-01
3.076626388867466311e+00
4.472512350985478197e-02
-7.639168333075813111e-01
-5.946721613424699182e-01
4.794785639487014195e-01
3.164542115024927549e-01
7.463843795841452744e-01
-9.617329498581652508e-03
2.815963962085422101e-01
-9.112786887385949663e-01
4.664228863891475285e-01
-2.175484876109296639e+00
-2.074056736824416713e+00
-5.458129474213532228e-01
6.188092360904541289e-01
4.817153473822403248e-02
-8.255528696505994857e-01
2.194103300252229494e-01
-8.832758549330792519e-01
-1.419152939646611378e+00
2.940178900207023327e-01
-6.274557912114071545e-01
-6.750984071887818905e-01
5.710236417408282028e-01
8.626162775880823474e-01
-2.688469242916395885e-01
7.612635385645332153e-01
1.963491703542705746e-01
-2.026584221903499738e+00
5.623710643319345115e-01
9.414405051723804263e-01
5.006389618562969712e-01
7.029257313299868137e-01
-2.449703539065962499e+00
8.817232755668997779e-01
-1.745143167782506055e-01
-1.264280561770528610e+00
-1.104108228123696689e+00
-6.952742675053387167e-01
-3.917811915974581671e-01
1.209389940801933877e-01
2.586076667370188487e-01
2.176930934826194264e+00
2.707277867043301200e-01
2.277614661506790483e+00
-1.969713295618273907e+00
-1.747800258291204445e+00
1.720415555206920910e+00
-1.752204855164911868e+00
-2.020746825822154147e+00
1.423479250714627886e+00
-6.739648938929259092e-01
2.493189584195205644e+00
-1.027152343735426576e-01
-1.385654138224745813e+00
8.810066166548582434e-01
1.051579718107314765e+00
-5.750290279348832523e-02
4.165823578081483403e-01
