-7.690000000000000000e+02
-7.800000000000000000e+02
-7.800000000000000000e+02
-6.810000000000000000e+02
-6.150000000000000000e+02
-7.800000000000000000e+02
-7.690000000000000000e+02
-7.580000000000000000e+02
-7.250000000000000000e+02
-7.360000000000000000e+02
-7.800000000000000000e+02
-7.690000000000000000e+02
-6.040000000000000000e+02
-7.360000000000000000e+02
-6.260000000000000000e+02
-6.370000000000000000e+02
-6.920000000000000000e+02
-6.700000000000000000e+02
-6.260000000000000000e+02
-6.700000000000000000e+02
