8.235236657435082708e-02 -8.779385506200111655e-02 -1.641143672574856827e-01 8.449754147320728825e-02
6.039658900399683117e-02 4.829191622423863184e-02 8.552969704877080859e-02 1.074599263065220967e-01
-1.559745981119023683e-01 -1.018902377187133473e-01 2.640757749500818874e-02 7.141882255291248649e-02
4.671447832783564430e-02 -9.670821062148360348e-02 7.969408879231269782e-02 -4.917396874046577743e-02
8.489978995810658347e-02 -1.371193978708407646e-01 -7.596616479242877806e-02 1.344457317156176612e-01
4.449723696787942495e-02 5.356419176467816512e-02 -3.340138675812736463e-02 -5.282100074873005008e-02
2.121372788152958433e-01 7.504229570775806935e-02 9.087598027077269103e-02 -1.160209289756265888e-01
-1.101592500808172143e-01 7.807492425025204519e-02 -8.856024729349126767e-02 6.253889079192007094e-02
-4.389687999686777559e-02 -9.413289223858804788e-02 9.361514679594010180e-02 5.879806466330837061e-02
-8.133330824616312460e-02 5.810277267269380735e-02 -1.096719436804890341e-01 -3.570171943361664241e-02
8.462392255719941581e-02 1.381216111179841242e-02 6.584565952251376919e-02 6.284193992979025811e-03
-2.067881840296690310e-01 -3.728475898370248870e-02 -3.917770647541794771e-02 -6.936105531818675951e-02
-9.540962459047311328e-02 -1.492991566515423640e-01 -1.070667421524753860e-01 1.150662491526985992e-01
9.405233811817380329e-02 7.377086450508553439e-02 -6.470290404709497234e-02 1.370266771480011248e-01
-6.538752581562569388e-02 4.795600412857100453e-02 -1.104612494012790214e-01 7.131053045489560427e-02
7.888545687979728327e-02 -1.561643796457894834e-02 4.854397794981970410e-02 -8.344872491961802252e-02
-2.236885402866279141e-02 -2.400834656137246226e-03 -1.352349271288510735e-01 -1.535953018799491310e-01
-8.627888569949339337e-02 -1.188847353245262445e-01 5.292685089659516368e-02 -7.150017080005649506e-02
-5.027281692858287521e-02 5.659507841578893805e-02 9.684349359607818952e-02 1.078312147627223799e-01
2.527400262340077138e-03 8.968559850965687752e-02 5.823442647514775333e-02 -1.528966244320666135e-01
1.781108214515852162e-01 9.304106975046054495e-02 -1.045146080036056802e-01 -7.034044919207341207e-02
2.180911748575714917e-02 2.358138879405331095e-02 -7.061423571963593507e-03 -4.204266731974392463e-02
-1.017309510357890384e-01 -1.213255352532614795e-01 -5.253933267543943464e-02 -5.935169455849399062e-02
8.554450262096470470e-02 1.382865159138694233e-01 -1.867099132589393473e-01 9.892495805942075338e-02
-6.259118518692687039e-02 9.898259902956202394e-02 -8.436214470582907576e-02 -4.087235817056818210e-02
-9.577433480636213248e-02 7.093379601238361531e-02 -1.637140571549163537e-01 1.922232795460352417e-01
7.257523117509519228e-02 2.737126228569776443e-02 3.543559753731090334e-02 -2.177380935450345945e-01
-6.958499912999947801e-02 3.473940851542894198e-02 4.898109781964319481e-02 8.607054432448596470e-02
7.949854106256747099e-02 -1.113901894306262991e-01 -1.972681303201219982e-01 -5.950978717533474127e-02
4.329127022755255988e-02 -1.703761950489290911e-01 4.405024658191396963e-02 4.925043688258116947e-02
1.084608244057727461e-01 1.105920213313525136e-01 -1.834111571402071567e-02 7.597124021703419161e-02
-4.550055735808501006e-02 4.509182678247265069e-02 5.629336626693843409e-02 4.147225392259863697e-02
-8.788079066169633691e-02 -9.156590023668485789e-02 3.605368403405521949e-02 2.957127124875408297e-02
-5.826414208215616175e-02 -3.204225728382194271e-02 3.920123361219467195e-02 -8.033946576843421783e-02
-1.229574299922973485e-01 5.405802813326005853e-03 -9.866679693670702203e-03 -2.495994311563611359e-03
-7.871235002682042126e-02 3.181298254047590368e-02 3.211218531762016076e-02 1.040455417906349239e-01
-8.869810583265762272e-02 7.694171771243772662e-02 -1.506677123673046820e-02 -5.546494934582051062e-02
-7.989016094532179479e-02 1.197450229842990654e-01 -1.780012591193181892e-01 -9.445162962007264129e-02
-4.853206465442437556e-02 -1.255960984932536773e-01 -7.629767049006712376e-02 6.124555309526413804e-02
1.605979227499682027e-01 9.657544813533151806e-02 -1.180650414101034468e-01 1.237410152075520131e-01
-1.256175343885672195e-02 -8.621796504544901318e-02 -8.164708113248760057e-02 -4.013720111625620340e-02
1.028976319007285228e-01 -9.944310444047481379e-02 -8.563119045144892971e-02 6.157522948465403434e-02
1.937470296121446278e-02 6.519664613177168777e-02 1.400104902193596845e-01 -4.562814284047561619e-02
-1.093098722880972151e-01 -1.248206653411342848e-01 -1.124856002514062689e-02 -1.745798592667505700e-01
1.220074923708695282e-02 4.765746180641369095e-02 -2.089632021055358099e-02 -6.642838403869234798e-02
-1.176754878966394524e-01 -1.351176017911118743e-01 -9.130426558874824017e-02 9.333532433859133282e-02
-1.985877260193731619e-01 7.000369404190170952e-02 7.741973788565138792e-02 -5.745819852399357969e-02
-8.843538956524395200e-02 -1.409268271064609002e-01 1.126090175602949550e-01 6.612209097034907335e-02
1.111976667872426466e-01 -5.870816438894974065e-02 -3.811945615596929945e-03 -3.971382438745490323e-02
-1.100407524766727207e-01 1.794622679788921982e-01 -9.397891510387983149e-02 9.165969815364988227e-02
